{
    "Phi": 0.99,
    "BatchSize": 2000,
    "InitTemp": 8.0,
    "EpsilonT": 0.00002,
    "EpsilonP": 0.004,
    "AcceptedPercent": 0.95,
    "InitialTempN": 2000,
    "PathToAnneal": [10,12,13,39,40,44,67,69,74,79,86,93,94,95,96,98,107,111,115,117,119,151,156,159,178,186,189,190,203,206,213,219,233,234,243,254,256,257,271,278,281,284,293,297,299,302,308,310,313,319,323,332,337,341,347,355,358,359,385,393,395,398,408,410,413,414,438,447,454,470,477,478,486,489,492,497,498,505,515,517,528,535,547,552,557,563,571,576,582,583,587,591,607,611,614,627,637,639,654,669,670,675,679,688,690,697,700,705,712,717,735,741,748,757,766,785,795,796,830,833,837,853,854,857,865,871,872,876,877,885,890,893,896,919,933,935,955,957,981,986,991,1002,1007,1016,1034,1037,1057,1069,1072,1080]
}

Seed: 75, Solution: Path: [611,639,233,278,95,986,111,79,281,505,486,358,688,98,355,1069,477,447,576,654,219,206,332,587,872,717,213,308,957,413,991,256,319,271,919,981,591,254,159,885,563,393,877,489,203,1016,614,492,896,347,766,893,528,935,257,837,284,323,705,796,741,890,670,876,297,438,757,697,414,871,1034,853,1080,96,40,735,67,69,470,571,795,748,1007,933,675,186,190,359,151,12,107,44,299,115,408,74,86,385,302,637,293,627,93,854,10,395,607,785,1002,189,690,156,557,341,1037,398,119,94,547,833,234,582,679,535,1057,243,478,13,515,583,410,498,497,178,39,310,669,857,712,865,517,1072,955,552,454,700,313,337,117,830], Cost: 0.278506, Feasible: {}

Seed: 505, Solution: Path: [438,297,757,876,697,670,414,1080,853,1034,871,890,796,741,323,705,284,837,257,935,766,885,563,393,877,159,254,981,919,271,319,991,256,591,957,308,413,213,717,587,872,332,206,219,654,447,576,477,278,95,639,611,233,986,111,79,505,486,281,1069,355,688,98,358,528,893,347,1016,614,492,896,203,489,96,40,735,67,69,470,795,748,571,1007,675,186,190,933,12,359,107,151,44,299,115,74,408,86,385,302,293,637,627,93,10,854,395,607,785,1002,189,690,156,557,341,1037,398,119,94,547,833,234,582,679,535,13,243,478,1057,583,515,410,498,178,39,669,310,497,857,712,517,1072,955,552,700,313,454,865,337,117,830], Cost: 0.278481, Feasible:Seed: 505, Solution: Path: [438,297,757,876,697,670,414,1080,853,1034,871,890,796,741,323,705,284,837,257,935,766,885,563,393,877,159,254,981,919,271,319,991,256,591,957,308,413,213,717,587,872,332,206,219,654,447,576,477,278,95,639,611,233,986,111,79,505,486,281,1069,355,688,98,358,528,893,347,1016,614,492,896,203,489,96,40,735,67,69,470,795,748,571,1007,675,186,190,933,12,359,107,151,44,299,115,74,408,86,385,302,293,637,627,93,10,854,395,607,785,1002,189,690,156,557,341,1037,398,119,94,547,833,234,582,679,535,13,243,478,1057,583,515,410,498,178,39,669,310,497,857,712,517,1072,955,552,700,313,454,865,337,117,830], Cost: 0.278481, Feasible: {}}
