{
    "Phi": 0.99,
    "BatchSize": 2000,
    "InitTemp": 8.0,
    "EpsilonT": 0.00002,
    "EpsilonP": 0.004,
    "AcceptedPercent": 0.95,
    "InitialTempN": 2000,
}

Seed: 86, Solution: Path: [829,986,505,839,447,345,717,22,216,893,493,935,272,521,492,710,572,113,642,853,137,774,1032,299,74,627,786,180,607,1073,109,921,679,747,200,498,178,857,117,830], Cost: 0.620352, Feasible: {}

Seed: 119, Solution: Path: [830,117,178,498,857,200,747,679,921,109,1073,607,180,786,627,74,299,1032,774,137,853,642,113,572,710,492,272,521,935,493,893,216,22,717,345,447,839,505,986,829], Cost: 0.616236, Feasible: {}


